$self.energy: imaginary piece per atom
    1      -6.5175763      0.1509199     -0.1696307    au    empty    0.00000000000000D+00
    2       6.4504601     -0.1074485     -0.1696307    au    empty    0.00000000000000D+00
    3       8.9457663     -0.0057826     -1.6114916    au    empty    0.00000000000000D+00
    4      -9.0128825      0.0492540     -1.6114916    au    empty    0.00000000000000D+00
    5       8.9457663     -0.0057826      1.2722302    au    empty    0.00000000000000D+00
    6      -9.0128825      0.0492540      1.2722302    au    empty    0.00000000000000D+00
    7       7.3780803     -2.4261571     -1.6114916    au    empty    0.00000000000000D+00
    8      -7.4451966      2.4696285     -1.6114916    au    empty    0.00000000000000D+00
    9       7.3780803     -2.4261571      1.2722302    au    empty    0.00000000000000D+00
   10      -7.4451966      2.4696285      1.2722302    au    empty    0.00000000000000D+00
   11      11.4410724      0.0958833     -3.0533525    au    right    0.50000000000000D-01
   12     -11.5081886     -0.0524118     -3.0533525    au    left     0.50000000000000D-01
   13      11.4410724      0.0958833     -0.1696307    au    right    0.50000000000000D-01
   14     -11.5081886     -0.0524118     -0.1696307    au    left     0.50000000000000D-01
   15      11.4410724      0.0958833      2.7140911    au    right    0.50000000000000D-01
   16     -11.5081886     -0.0524118      2.7140911    au    left     0.50000000000000D-01
   17       9.8733865     -2.3244912     -3.0533525    au    right    0.50000000000000D-01
   18      -9.9405027      2.3679626     -3.0533525    au    left     0.50000000000000D-01
   19       9.8733865     -2.3244912     -0.1696307    au    right    0.50000000000000D-01
   20      -9.9405027      2.3679626     -0.1696307    au    left     0.50000000000000D-01
   21       9.8733865     -2.3244912      2.7140911    au    right    0.50000000000000D-01
   22      -9.9405027      2.3679626      2.7140911    au    left     0.50000000000000D-01
   23       8.3057006     -4.7448657     -3.0533525    au    right    0.50000000000000D-01
   24      -8.3728168      4.7883371     -3.0533525    au    left     0.50000000000000D-01
   25       8.3057006     -4.7448657     -0.1696307    au    right    0.50000000000000D-01
   26      -8.3728168      4.7883371     -0.1696307    au    left     0.50000000000000D-01
   27       8.3057006     -4.7448657      2.7140911    au    right    0.50000000000000D-01
   28      -8.3728168      4.7883371      2.7140911    au    left     0.50000000000000D-01
   29      13.9363786      0.1975491      1.2722302    au    right    0.10000000000000D+00
   30     -14.0034948     -0.1540777      1.2722302    au    left     0.10000000000000D+00
   31      12.3686927     -2.2228253     -4.4952135    au    right    0.10000000000000D+00
   32      12.3686927     -2.2228253     -1.6114916    au    right    0.10000000000000D+00
   33      12.3686927     -2.2228253      1.2722302    au    right    0.10000000000000D+00
   34     -12.4358089      2.2662967     -1.6114916    au    left     0.10000000000000D+00
   35     -12.4358089      2.2662967      1.2722302    au    left     0.10000000000000D+00
   36     -12.4358089      2.2662967      4.1559521    au    left     0.10000000000000D+00
   37      10.8010067     -4.6431998     -1.6114916    au    right    0.10000000000000D+00
   38      10.8010067     -4.6431998      1.2722302    au    right    0.10000000000000D+00
   39     -10.8681229      4.6866712     -1.6114916    au    left     0.10000000000000D+00
   40     -10.8681229      4.6866712      1.2722302    au    left     0.10000000000000D+00
   41      -3.2442878      0.1778065     -0.1696307    c     empty    0.00000000000000D+00
   42      -1.9081044     -0.5739712     -0.1696307    c     empty    0.00000000000000D+00
   43      -0.7082025      0.3871153     -0.1696307    c     empty    0.00000000000000D+00
   44       0.6410863     -0.3436439     -0.1696307    c     empty    0.00000000000000D+00
   45       1.8409882      0.6174427     -0.1696307    c     empty    0.00000000000000D+00
   46       3.1771716     -0.1343351     -0.1696307    c     empty    0.00000000000000D+00
   47      -3.3332197      0.8074762      0.7248596    h     empty    0.00000000000000D+00
   48      -3.3332197      0.8074762     -1.0641210    h     empty    0.00000000000000D+00
   49      -1.8554510     -1.2296011      0.7153200    h     empty    0.00000000000000D+00
   50      -1.8554510     -1.2296011     -1.0545814    h     empty    0.00000000000000D+00
   51      -0.7673332      1.0461730      0.7137008    h     empty    0.00000000000000D+00
   52      -0.7673332      1.0461730     -1.0529622    h     empty    0.00000000000000D+00
   53       0.7002170     -1.0027016      0.7137008    h     empty    0.00000000000000D+00
   54       0.7002170     -1.0027016     -1.0529622    h     empty    0.00000000000000D+00
   55       1.7883348      1.2730725      0.7153200    h     empty    0.00000000000000D+00
   56       1.7883348      1.2730725     -1.0545814    h     empty    0.00000000000000D+00
   57       3.2661035     -0.7640048      0.7248596    h     empty    0.00000000000000D+00
   58       3.2661035     -0.7640048     -1.0641210    h     empty    0.00000000000000D+00
   59      -4.6040220     -1.0884966     -0.1696307    s     empty    0.00000000000000D+00
   60       4.5369058      1.1319680     -0.1696307    s     empty    0.00000000000000D+00
$end
