#   z-coordinate (Ang)  plane-average (unit as in parent cube file)
 -7.520060449905940E-015 -0.400051949843525     
  5.999999999999008E-002 -0.843107375805073     
  0.119999999999995      -0.843107375804528     
  0.179999999999993      -0.843107375806247     
  0.239999999999990      -0.843107375809972     
  0.299999999999988      -0.843107375815163     
  0.359999999999993      -0.843107375821079     
  0.419999999999991      -0.843107375826875     
  0.479999999999988      -0.843107375831728     
  0.539999999999993      -0.843107375834950     
  0.599999999999991      -0.843107375836074     
  0.659999999999989      -0.843107375834923     
  0.719999999999994      -0.843107375831642     
  0.779999999999991      -0.843107375826667     
  0.839999999999989      -0.843107375820662     
  0.899999999999994      -0.843107375814439     
  0.959999999999992      -0.843107375808830     
   1.01999999999999      -0.843107375804585     
   1.07999999999999      -0.843107375802257     
   1.13999999999999      -0.843107375802121     
   1.19999999999999      -0.843107375804145     
   1.25999999999999      -0.843107375807989     
   1.31999999999999      -0.843107375813039     
   1.37999999999999      -0.843107375818500     
   1.44000000000000      -0.843107375823481     
   1.49999999999999      -0.843107375827131     
   1.55999999999999      -0.843107375828711     
   1.61999999999999      -0.843107375827709     
   1.67999999999999      -0.843107375823843     
   1.73999999999999      -0.843107375817100     
   1.79999999999999      -0.843107375807649     
   1.85999999999999      -0.843107375795773     
   1.91999999999999      -0.843107375781712     
   1.97999999999999      -0.843107375765517     
   2.03999999999999      -0.843107375746863     
   2.09999999999999      -0.843107375724859     
   2.15999999999999      -0.843107375697887     
   2.21999999999999      -0.843107375663412     
   2.27999999999999      -0.843107375617815     
   2.33999999999999      -0.843107375556204     
   2.39999999999999      -0.843107375472182     
   2.45999999999999      -0.843107375357582     
   2.51999999999999      -0.843107375202040     
   2.57999999999999      -0.843107374992495     
   2.63999999999999      -0.843107374712410     
   2.69999999999999      -0.843107374340828     
   2.75999999999999      -0.843107373851035     
   2.81999999999999      -0.843107373208927     
   2.87999999999999      -0.843107372370884     
   2.93999999999999      -0.843107371281162     
   2.99999999999999      -0.843107369868646     
   3.05999999999999      -0.843107368042874     
   3.11999999999999      -0.843107365689247     
   3.17999999999999      -0.843107362663132     
   3.23999999999999      -0.843107358782837     
   3.29999999999999      -0.843107353821033     
   3.35999999999999      -0.843107347494507     
   3.41999999999999      -0.843107339451794     
   3.47999999999999      -0.843107329258397     
   3.53999999999999      -0.843107316379123     
   3.59999999999999      -0.843107300157065     
   3.65999999999999      -0.843107279788737     
   3.71999999999999      -0.843107254294716     
   3.77999999999999      -0.843107222485265     
   3.83999999999999      -0.843107182920117     
   3.89999999999999      -0.843107133861887     
   3.95999999999999      -0.843107073222187     
   4.01999999999999      -0.843106998499746     
   4.07999999999999      -0.843106906709680     
   4.13999999999999      -0.843106794303106     
   4.19999999999999      -0.843106657076263     
   4.25999999999999      -0.843106490068293     
   4.31999999999999      -0.843106287446980     
   4.37999999999999      -0.843106042381709     
   4.43999999999999      -0.843105746903049     
   4.49999999999999      -0.843105391748568     
   4.55999999999999      -0.843104966194547     
   4.61999999999999      -0.843104457873575     
   4.67999999999999      -0.843103852578328     
   4.73999999999999      -0.843103134051919     
   4.79999999999999      -0.843102283765884     
   4.85999999999999      -0.843101280687028     
   4.91999999999999      -0.843100101034812     
   4.97999999999999      -0.843098718031585     
   5.03999999999999      -0.843097101648179     
   5.09999999999999      -0.843095218348121     
   5.15999999999999      -0.843093030833956     
   5.21999999999999      -0.843090497799800     
   5.27999999999999      -0.843087573694503     
   5.33999999999999      -0.843084208500224     
   5.40000000000000      -0.843080347531460     
   5.45999999999999      -0.843075931259669     
   5.51999999999999      -0.843070895168758     
   5.57999999999999      -0.843065169646500     
   5.63999999999999      -0.843058679916775     
   5.69999999999999      -0.843051346016947     
   5.75999999999999      -0.843043082824272     
   5.81999999999999      -0.843033800134198     
   5.87999999999999      -0.843023402792578     
   5.93999999999999      -0.843011790882543     
   5.99999999999999      -0.842998859965496     
   6.05999999999999      -0.842984501374157     
   6.11999999999999      -0.842968602554026     
   6.17999999999999      -0.842951047447925     
   6.23999999999999      -0.842931716916751     
   6.29999999999999      -0.842910489187753     
   6.35999999999999      -0.842887240320339     
   6.41999999999999      -0.842861844677930     
   6.47999999999999      -0.842834175393437     
   6.53999999999999      -0.842804104815076     
   6.59999999999999      -0.842771504918900     
   6.65999999999999      -0.842736247674486     
   6.71999999999999      -0.842698205350749     
   6.77999999999999      -0.842657250749857     
   6.83999999999999      -0.842613257358905     
   6.90000000000000      -0.842566099410944     
   6.95999999999999      -0.842515651849691     
   7.01999999999999      -0.842461790195199     
   7.07999999999999      -0.842404390311192     
   7.13999999999999      -0.842343328078441     
   7.19999999999999      -0.842278478982466     
   7.25999999999999      -0.842209717627718     
   7.31999999999999      -0.842136917194206     
   7.37999999999999      -0.842059948856085     
   7.43999999999999      -0.841978681184928     
   7.49999999999999      -0.841892979562991     
   7.55999999999999      -0.841802705633623     
   7.61999999999999      -0.841707716817256     
   7.67999999999999      -0.841607865921424     
   7.73999999999999      -0.841503000872548     
   7.79999999999999      -0.841392964595397     
   7.85999999999999      -0.841277595063276     
   7.91999999999999      -0.841156725538060     
   7.97999999999999      -0.841030185014530     
   8.03999999999999      -0.840897798877857     
   8.09999999999999      -0.840759389776837     
   8.15999999999999      -0.840614778708819     
   8.22000000000000      -0.840463786305489     
   8.27999999999999      -0.840306234301590     
   8.33999999999999      -0.840141947162222     
   8.39999999999999      -0.839970753838072     
   8.45999999999999      -0.839792489612619     
   8.51999999999999      -0.839606998000952     
   8.57999999999999      -0.839414132656441     
   8.63999999999999      -0.839213759239698     
   8.69999999999999      -0.839005757203565     
   8.75999999999999      -0.838790021448868     
   8.81999999999999      -0.838566463808063     
   8.87999999999999      -0.838335014317638     
   8.93999999999999      -0.838095622245350     
   8.99999999999999      -0.837848256844559     
   9.05999999999999      -0.837592907815181     
   9.11999999999999      -0.837329585458693     
   9.17999999999999      -0.837058320522937     
   9.23999999999999      -0.836779163741000     
   9.29999999999999      -0.836492185076756     
   9.35999999999999      -0.836197472697580     
   9.41999999999999      -0.835895131701968     
   9.47999999999999      -0.835585282635998     
   9.54000000000000      -0.835268059837713     
   9.59999999999999      -0.834943609652324     
   9.65999999999999      -0.834612088563443     
   9.71999999999999      -0.834273661286600     
   9.77999999999999      -0.833928498870560     
   9.83999999999999      -0.833576776850193     
   9.89999999999999      -0.833218673491249     
   9.95999999999999      -0.832854368162989     
   10.0200000000000      -0.832484039869334     
   10.0800000000000      -0.832107865962906     
   10.1400000000000      -0.831726021059909     
   10.2000000000000      -0.831338676166674     
   10.2600000000000      -0.830945998022055     
   10.3200000000000      -0.830548148652983     
   10.3800000000000      -0.830145285134379     
   10.4400000000000      -0.829737559539020     
   10.5000000000000      -0.829325119058217     
   10.5600000000000      -0.828908106270141     
   10.6200000000000      -0.828486659530030     
   10.6800000000000      -0.828060913454392     
   10.7400000000000      -0.827630999470764     
   10.8000000000000      -0.827197046404565     
   10.8600000000000      -0.826759181075900     
   10.9200000000000      -0.826317528880940     
   10.9800000000000      -0.825872214335212     
   11.0400000000000      -0.825423361559281     
   11.1000000000000      -0.824971094690862     
   11.1600000000000      -0.824515538211225     
   11.2200000000000      -0.824056817177686     
   11.2800000000000      -0.823595057357808     
   11.3400000000000      -0.823130385264591     
   11.4000000000000      -0.822662928095416     
   11.4600000000000      -0.822192813580466     
   11.5200000000000      -0.821720169748901     
   11.5800000000000      -0.821245124623252     
   11.6400000000000      -0.820767805853902     
   11.7000000000000      -0.820288340306773     
   11.7600000000000      -0.819806853617659     
   11.8200000000000      -0.819323469726864     
   11.8800000000000      -0.818838310407392     
   11.9400000000000      -0.818351494799094     
   12.0000000000000      -0.817863138960296     
   12.0600000000000      -0.817373355446893     
   12.1200000000000      -0.816882252927607     
   12.1800000000000      -0.816389935842308     
   12.2400000000000      -0.815896504108813     
   12.3000000000000      -0.815402052881748     
   12.3600000000000      -0.814906672365622     
   12.4200000000000      -0.814410447682592     
   12.4800000000000      -0.813913458794268     
   12.5400000000000      -0.813415780475444     
   12.6000000000000      -0.812917482336886     
   12.6600000000000      -0.812418628893332     
   12.7200000000000      -0.811919279672216     
   12.7800000000000      -0.811419489358382     
   12.8400000000000      -0.810919307969523     
   12.9000000000000      -0.810418781057182     
   12.9600000000000      -0.809917949928123     
   13.0200000000000      -0.809416851881052     
   13.0800000000000      -0.808915520453880     
   13.1400000000000      -0.808413985677204     
   13.2000000000000      -0.807912274329903     
   13.2600000000000      -0.807410410193348     
   13.3200000000000      -0.806908414301093     
   13.3800000000000      -0.806406305181400     
   13.4400000000000      -0.805904099090421     
   13.5000000000000      -0.805401810234362     
   13.5600000000000      -0.804899450979220     
   13.6200000000000      -0.804397032047244     
   13.6800000000000      -0.803894562699544     
   13.7400000000000      -0.803392050904536     
   13.8000000000000      -0.802889503492303     
   13.8600000000000      -0.802386926295059     
   13.9200000000000      -0.801884324274201     
   13.9800000000000      -0.801381701634506     
   14.0400000000000      -0.800879061926198     
   14.1000000000000      -0.800376408135629     
   14.1600000000000      -0.799873742765492     
   14.2200000000000      -0.799371067905328     
   14.2800000000000      -0.798868385293254     
   14.3400000000000      -0.798365696369718     
   14.4000000000000      -0.797863002324126     
   14.4600000000000      -0.797360304135023     
   14.5200000000000      -0.796857602604655     
   14.5800000000000      -0.796354898388451     
   14.6400000000000      -0.795852192020146     
   14.7000000000000      -0.795349483932948     
   14.7600000000000      -0.794846774477420     
   14.8200000000000      -0.794344063936376     
   14.8800000000000      -0.793841352537300     
   14.9400000000000      -0.793338640462591     
   15.0000000000000      -0.792835927858004     
   15.0600000000000      -0.792333214839582     
   15.1200000000000      -0.791830501499282     
   15.1800000000000      -0.791327787909610     
   15.2400000000000      -0.790825074127382     
   15.3000000000000      -0.790322360196811     
   15.3600000000000      -0.789819646152052     
   15.4200000000000      -0.789316932019308     
   15.4800000000000      -0.788814217818539     
   15.5400000000000      -0.788311503564934     
   15.6000000000000      -0.787808789270068     
   15.6600000000000      -0.787306074942854     
   15.7200000000000      -0.786803360590296     
   15.7800000000000      -0.786300646218055     
   15.8400000000000      -0.785797931830856     
   15.9000000000000      -0.785295217432752     
   15.9600000000000      -0.784792503027292     
   16.0200000000000      -0.784289788617566     
   16.0800000000000      -0.783787074206270     
   16.1400000000000      -0.783284359795657     
   16.2000000000000      -0.782781645387588     
   16.2600000000000      -0.782278930983561     
   16.3200000000000      -0.781776216584824     
   16.3800000000000      -0.781273502192544     
   16.4400000000000      -0.780770787808057     
   16.5000000000000      -0.780268073433199     
   16.5600000000000      -0.779765359070716     
   16.6200000000000      -0.779262644724737     
   16.6800000000000      -0.778759930401323     
   16.7400000000000      -0.778257216109150     
   16.8000000000000      -0.777754501860235     
   16.8600000000000      -0.777251787670882     
   16.9200000000000      -0.776749073562799     
   16.9800000000000      -0.776246359564559     
   17.0400000000000      -0.775743645713417     
   17.1000000000000      -0.775240932057706     
   17.1600000000000      -0.774738218659895     
   17.2200000000000      -0.774235505600560     
   17.2800000000000      -0.773732792983428     
   17.3400000000000      -0.773230080941796     
   17.4000000000000      -0.772727369646562     
   17.4600000000000      -0.772224659316237     
   17.5200000000000      -0.771721950229348     
   17.5800000000000      -0.771219242739624     
   17.6400000000000      -0.770716537294531     
   17.7000000000000      -0.770213834457746     
   17.7600000000000      -0.769711134936254     
   17.8200000000000      -0.769208439612864     
   17.8800000000000      -0.768705749585003     
   17.9400000000000      -0.768203066210770     
   18.0000000000000      -0.767700391163302     
   18.0600000000000      -0.767197726494536     
   18.1200000000000      -0.766695074709572     
   18.1800000000000      -0.766192438852740     
   18.2400000000000      -0.765689822606529     
   18.3000000000000      -0.765187230404374     
   18.3600000000000      -0.764684667558175     
   18.4200000000000      -0.764182140401116     
   18.4800000000000      -0.763679656446063     
   18.5400000000000      -0.763177224559298     
   18.6000000000000      -0.762674855148821     
   18.6600000000000      -0.762172560365622     
   18.7200000000000      -0.761670354315568     
   18.7800000000000      -0.761168253278386     
   18.8400000000000      -0.760666275929126     
   18.9000000000000      -0.760164443556023     
   18.9600000000000      -0.759662780267307     
   19.0200000000000      -0.759161313177802     
   19.0800000000000      -0.758660072564480     
   19.1400000000000      -0.758159091978582     
   19.2000000000000      -0.757658408300108     
   19.2600000000000      -0.757158061719144     
   19.3200000000000      -0.756658095627273     
   19.3800000000000      -0.756158556401586     
   19.4400000000000      -0.755659493063542     
   19.5000000000000      -0.755160956795481     
   19.5600000000000      -0.754663000299142     
   19.6200000000000      -0.754165676982806     
   19.6800000000000      -0.753669039967756     
   19.7400000000000      -0.753173140909627     
   19.8000000000000      -0.752678028637044     
   19.8600000000000      -0.752183747618023     
   19.9200000000000      -0.751690336274376     
   19.9800000000000      -0.751197825175474     
   20.0400000000000      -0.750706235155002     
   20.1000000000000      -0.750215575407482     
   20.1600000000000      -0.749725841634852     
   20.2200000000000      -0.749237014326303     
   20.2800000000000      -0.748749057266625     
   20.3400000000000      -0.748261916377694     
   20.4000000000000      -0.747775519003901     
   20.4600000000000      -0.747289773753387     
   20.5200000000000      -0.746804571001671     
   20.5800000000000      -0.746319784150635     
   20.6400000000000      -0.745835271712698     
   20.7000000000000      -0.745350880254885     
   20.7600000000000      -0.744866448189407     
   20.8200000000000      -0.744381810334664     
   20.8800000000000      -0.743896803091783     
   20.9400000000000      -0.743411269986752     
   21.0000000000000      -0.742925067216172     
   21.0600000000000      -0.742438068706305     
   21.1200000000000      -0.741950170051788     
   21.1800000000000      -0.741461290543813     
   21.2400000000000      -0.740971372331398     
   21.3000000000000      -0.740480375587282     
   21.3600000000000      -0.739988268377504     
   21.4200000000000      -0.739495009767058     
   21.4800000000000      -0.739000524540703     
   21.5400000000000      -0.738504667786116     
   21.6000000000000      -0.738007177485545     
   21.6600000000000      -0.737507613201270     
   21.7200000000000      -0.737005278929872     
   21.7800000000000      -0.736499128250101     
   21.8400000000000      -0.735987650009123     
   21.9000000000000      -0.735468732990333     
   21.9600000000000      -0.734939508290810     
   22.0200000000000      -0.734396168513613     
   22.0800000000000      -0.733833763353063     
   22.1400000000000      -0.733245971721535     
   22.2000000000000      -0.732624851232154     
   22.2600000000000      -0.731960566608397     
   22.3200000000000      -0.731241099430213     
   22.3800000000000      -0.730451942535260     
   22.4400000000000      -0.729575783356551     
   22.5000000000000      -0.728592181475399     
   22.5600000000000      -0.727477246677213     
   22.6200000000000      -0.726203324791378     
   22.6800000000000      -0.724738699545900     
   22.7400000000000      -0.723047319540997     
   22.8000000000000      -0.721088560210478     
   22.8600000000000      -0.718817031261579     
   22.9200000000000      -0.716182440528846     
   22.9800000000000      -0.713129525412919     
   23.0400000000000      -0.709598063069464     
   23.1000000000000      -0.705522970238953     
   23.1600000000000      -0.700834503040567     
   23.2200000000000      -0.695458566173654     
   23.2800000000000      -0.689317139765259     
   23.3400000000000      -0.682328830565450     
   23.4000000000000      -0.674409552325227     
   23.4600000000000      -0.665473338004149     
   23.5200000000000      -0.655433283965726     
   23.5800000000000      -0.644202623555565     
   23.6400000000000      -0.631695924458871     
   23.7000000000000      -0.617830401047003     
   23.7600000000000      -0.602527329604909     
   23.8200000000000      -0.585713550948120     
   23.8800000000000      -0.567323041564152     
   23.9400000000000      -0.547298531129868     
   24.0000000000000      -0.525593141151578     
   24.0600000000000      -0.502172016639240     
   24.1200000000000      -0.477013920254880     
   24.1800000000000      -0.450112756360996     
   24.2400000000000      -0.421478990928851     
   24.3000000000000      -0.391140932434619     
   24.3600000000000      -0.359145838749882     
   24.4200000000000      -0.325560815687487     
   24.4800000000000      -0.290473474345203     
   24.5400000000000      -0.253992316730188     
   24.6000000000000      -0.216246822360005     
   24.6600000000000      -0.177387212610703     
   24.7200000000000      -0.137583874483831     
   24.7800000000000      -9.702643113225021E-002
   24.8400000000000      -5.592245283211830E-002
   24.9000000000000      -1.449580900255065E-002
   24.9600000000000       2.701533078152630E-002
   25.0200000000000       6.836083122301854E-002
   25.0800000000000       0.109281237915111     
   25.1400000000000       0.149510705256716     
   25.2000000000000       0.188780167487321     
   25.2600000000000       0.226820707855528     
   25.3200000000000       0.263367074839400     
   25.3800000000000       0.298161289138750     
   25.4400000000000       0.330956281033074     
   25.5000000000000       0.361519494795629     
   25.5600000000000       0.389636395294334     
   25.6200000000000       0.415113811780037     
   25.6800000000000       0.437783055208441     
   25.7400000000000       0.457502748267611     
   25.8000000000000       0.474161311548268     
   25.8600000000000       0.487679054915277     
   25.9200000000000       0.498009829989985     
   25.9800000000000       0.505142207569434     
   26.0400000000000       0.509100152592788     
   26.1000000000000       0.509943178692150     
   26.1600000000000       0.507765974190395     
   26.2200000000000       0.502697501378345     
   26.2800000000000       0.494899580760614     
   26.3400000000000       0.484564981455310     
   26.4000000000000       0.471915047834824     
   26.4600000000000       0.457196900594996     
   26.5200000000000       0.440680257561612     
   26.5800000000000       0.422653925546581     
   26.6400000000000       0.403422019353035     
   26.7000000000000       0.383299967542992     
   26.7600000000000       0.362610366810980     
   26.8200000000000       0.341678747780501     
   26.8800000000000       0.320829314823868     
   26.9400000000000       0.300380721198401     
   27.0000000000000       0.280641938517290     
   27.0600000000000       0.261908276473901     
   27.1200000000000       0.244457604966979     
   27.1800000000000       0.228546826484771     
   27.2400000000000       0.214408641947645     
   27.3000000000000       0.202248648317229     
   27.3600000000000       0.192242801272106     
   27.4200000000000       0.184535271220448     
   27.4800000000000       0.179236715936988     
   27.5400000000000       0.176422988217395     
   27.6000000000000       0.176134292154459     
   27.6600000000000       0.178374796950917     
   27.7200000000000       0.183112712568990     
   27.7800000000000       0.190280826938814     
   27.8400000000000       0.199777499862751     
   27.9000000000000       0.211468104115787     
   27.9600000000000       0.225186899516745     
   28.0200000000000       0.240739320907145     
   28.0800000000000       0.257904656019299     
   28.1400000000000       0.276439084161144     
   28.2000000000000       0.296079041536884     
   28.2600000000000       0.316544873930925     
   28.3200000000000       0.337544732505463     
   28.3800000000000       0.358778663720520     
   28.4400000000000       0.379942840018441     
   28.5000000000000       0.400733874075927     
   28.5600000000000       0.420853156273680     
   28.6200000000000       0.440011152721895     
   28.6800000000000       0.457931599854617     
   28.7400000000000       0.474355531391759     
   28.8000000000000       0.489045074463541     
   28.8600000000000       0.501786953961234     
   28.9200000000000       0.512395647746247     
   28.9800000000000       0.520716140197773     
   29.0400000000000       0.526626227644875     
   29.1000000000000       0.530038336405045     
   29.1600000000000       0.530900822289327     
   29.2200000000000       0.529198729348744     
   29.2800000000000       0.524953995112343     
   29.3400000000000       0.518225099365955     
   29.4000000000000       0.509106163391228     
   29.4600000000000       0.497725516273233     
   29.5200000000000       0.484243754143625     
   29.5800000000000       0.468851326824725     
   29.6400000000000       0.451765694072378     
   29.7000000000000       0.433228100309575     
   29.7600000000000       0.413500022265693     
   29.8200000000000       0.392859348198119     
   29.8800000000000       0.371596350329248     
   29.9400000000000       0.350009513783188     
   30.0000000000000       0.328401285697132     
   30.0600000000000       0.307073807393663     
   30.1200000000000       0.286324690647717     
   30.1800000000000       0.266442896305931     
   30.2400000000000       0.247704769973154     
   30.3000000000000       0.230370285336968     
   30.3600000000000       0.214679541120956     
   30.4200000000000       0.200849552797010     
   30.4800000000000       0.189071375186372     
   30.5400000000000       0.179507587056160     
   30.6000000000000       0.172290163864415     
   30.6600000000000       0.167518759984564     
   30.7200000000000       0.165259417083058     
   30.7800000000000       0.165543710836867     
   30.8400000000000       0.168368343840896     
   30.9000000000000       0.173695188329987     
   30.9600000000000       0.181451778172704     
   31.0200000000000       0.191532245424581     
   31.0800000000000       0.203798692497900     
   31.1400000000000       0.218082986661753     
   31.2000000000000       0.234188959094095     
   31.2600000000000       0.251894986051057     
   31.3200000000000       0.270956924907553     
   31.3800000000000       0.291111372895885     
   31.4400000000000       0.312079211392312     
   31.5000000000000       0.333569393672549     
   31.5600000000000       0.355282929296381     
   31.6200000000000       0.376917013832867     
   31.6800000000000       0.398169248657877     
   31.7400000000000       0.418741892209730     
   31.8000000000000       0.438346081540521     
   31.8600000000000       0.456705961403694     
   31.9200000000000       0.473562657607501     
   31.9800000000000       0.488678032047869     
   32.0400000000000       0.501838158786562     
   32.1000000000000       0.512856463796236     
   32.1600000000000       0.521576475544021     
   32.2200000000000       0.527874139375150     
   32.2800000000000       0.531659655587767     
   32.3400000000000       0.532878809017635     
   32.4000000000000       0.531513766695266     
   32.4600000000000       0.527583329486339     
   32.5200000000000       0.521142633341812     
   32.5800000000000       0.512282305616524     
   32.6400000000000       0.501127091607668     
   32.7000000000000       0.487833975767508     
   32.7600000000000       0.472589830722403     
   32.8200000000000       0.455608635071960     
   32.8800000000000       0.437128307769790     
   32.9400000000000       0.417407212560479     
   33.0000000000000       0.396720390369772     
   33.0600000000000       0.375355580665019     
   33.1200000000000       0.353609094614579     
   33.1800000000000       0.331781603415796     
   33.2400000000000       0.310173904508690     
   33.3000000000000       0.289082726656642     
   33.3600000000000       0.268796632193839     
   33.4200000000000       0.249592071267473     
   33.4800000000000       0.231729638805070     
   33.5400000000000       0.215450580380390     
   33.6000000000000       0.200973588292562     
   33.6600000000000       0.188491924156011     
   33.7200000000000       0.178170899244975     
   33.7800000000000       0.170145738842305     
   33.8400000000000       0.164519851975196     
   33.9000000000000       0.161363523219181     
   33.9600000000000       0.160713038725840     
   34.0200000000000       0.162570254264771     
   34.0800000000000       0.166902608830491     
   34.1400000000000       0.173643583200207     
   34.2000000000000       0.182693598680655     
   34.2600000000000       0.193921347093187     
   34.3200000000000       0.207165538764216     
   34.3800000000000       0.222237050875252     
   34.4400000000000       0.238921453964853     
   34.5000000000000       0.256981889670100     
   34.5600000000000       0.276162267981446     
   34.6200000000000       0.296190747424737     
   34.6800000000000       0.316783456767986     
   34.7400000000000       0.337648412195408     
   34.8000000000000       0.358489579533612     
   34.8600000000000       0.379011027208351     
   34.9200000000000       0.398921112314760     
   34.9800000000000       0.417936639659932     
   35.0400000000000       0.435786932035525     
   35.1000000000000       0.452217749433050     
   35.1600000000000       0.466994995533899     
   35.2200000000000       0.479908151665385     
   35.2800000000000       0.490773381549407     
   35.3400000000000       0.499436254576439     
   35.4000000000000       0.505774040964122     
   35.4600000000000       0.509697538911903     
   35.5200000000000       0.511152401604384     
   35.5800000000000       0.510119940471823     
   35.6400000000000       0.506617390280124     
   35.7000000000000       0.500697631164937     
   35.7600000000000       0.492448372400157     
   35.8200000000000       0.481990812250065     
   35.8800000000000       0.469477797451129     
   35.9400000000000       0.455091514473391     
   36.0000000000000       0.439040752514145     
   36.0600000000000       0.421557785002473     
   36.1200000000000       0.402894922102183     
   36.1800000000000       0.383320791195402     
   36.2400000000000       0.363116405555947     
   36.3000000000000       0.342571083370637     
   36.3600000000000       0.321978279970463     
   36.4200000000000       0.301631395662874     
   36.4800000000000       0.281819620014532     
   36.5400000000000       0.262823870949696     
   36.6000000000000       0.244912883749861     
   36.6600000000000       0.228339501121610     
   36.7200000000000       0.213337211098574     
   36.7800000000000       0.200116974810423     
   36.8400000000000       0.188864381222646     
   36.9000000000000       0.179737160941482     
   36.9600000000000       0.172863086180613     
   37.0200000000000       0.168338279065284     
   37.0800000000000       0.166225945643323     
   37.1400000000000       0.166555548292807     
   37.2000000000000       0.169322424652388     
   37.2600000000000       0.174487856722648     
   37.3200000000000       0.181979589353827     
   37.3800000000000       0.191692792898546     
   37.4400000000000       0.203491460320876     
   37.5000000000000       0.217210224475901     
   37.5600000000000       0.232656576582009     
   37.6200000000000       0.249613462095915     
   37.6800000000000       0.267842225286545     
   37.7400000000000       0.287085868833430     
   37.8000000000000       0.307072589819447     
   37.8600000000000       0.327519548645565     
   37.9200000000000       0.348136822787024     
   37.9800000000000       0.368631493075601     
   38.0400000000000       0.388711806483056     
   38.1000000000000       0.408091356353010     
   38.1600000000000       0.426493218834673     
   38.2200000000000       0.443653983054731     
   38.2800000000000       0.459327612443795     
   38.3400000000000       0.473289075705464     
   38.4000000000000       0.485337688239160     
   38.4600000000000       0.495300108423131     
   38.5200000000000       0.503032938009231     
   38.5800000000000       0.508424881911086     
   38.6400000000000       0.511398429772724     
   38.7000000000000       0.511911029737296     
   38.7600000000000       0.509955733610140     
   38.8200000000000       0.505561301914778     
   38.8800000000000       0.498791766939941     
   38.9400000000000       0.489745461525559     
   39.0000000000000       0.478553530788007     
   39.0600000000000       0.465377953000151     
   39.1200000000000       0.450409104197826     
   39.1800000000000       0.433862908583701     
   39.2400000000000       0.415977623278877     
   39.3000000000000       0.397010311305992     
   39.3600000000000       0.377233060791990     
   39.4200000000000       0.356929011214009     
   39.4800000000000       0.336388249082279     
   39.5400000000000       0.315903635802997     
   39.6000000000000       0.295766629673165     
   39.6600000000000       0.276263162138443     
   39.7200000000000       0.257669625729033     
   39.7800000000000       0.240249027625435     
   39.8400000000000       0.224247358751899     
   39.9000000000000       0.209890223804578     
   39.9600000000000       0.197379772838013     
   40.0200000000000       0.186891970087061     
   40.0800000000000       0.178574230699424     
   40.1400000000000       0.172543451078845     
   40.2000000000000       0.168884453647626     
   40.2600000000000       0.167648862058651     
   40.3200000000000       0.168854418225966     
   40.3800000000000       0.172484747983115     
   40.4400000000000       0.178489577686484     
   40.5000000000000       0.186785399613762     
   40.5600000000000       0.197256579518339     
   40.6200000000000       0.209756895145458     
   40.6800000000000       0.224111489861515     
   40.7400000000000       0.240119220776729     
   40.8000000000000       0.257555375856849     
   40.8600000000000       0.276174729550113     
   40.9200000000000       0.295714901455842     
   40.9800000000000       0.315899977613025     
   41.0400000000000       0.336444349196687     
   41.1000000000000       0.357056718905624     
   41.1600000000000       0.377444221250940     
   41.2200000000000       0.397316599463978     
   41.2800000000000       0.416390378991626     
   41.3400000000000       0.434392975684735     
   41.4000000000000       0.451066675946945     
   41.4600000000000       0.466172426408906     
   41.5200000000000       0.479493372208086     
   41.5800000000000       0.490838085733926     
   41.6400000000000       0.500043431747154     
   41.7000000000000       0.506977020063248     
   41.7600000000000       0.511539203422052     
   41.8200000000000       0.513664585624707     
   41.8800000000000       0.513323013343379     
   41.9400000000000       0.510520034003240     
   42.0000000000000       0.505296811578392     
   42.0600000000000       0.497729501795048     
   42.1200000000000       0.487928097848873     
   42.1800000000000       0.476034767073388     
   42.2400000000000       0.462221707807921     
   42.3000000000000       0.446688563792589     
   42.3600000000000       0.429659440578220     
   42.4200000000000       0.411379574529824     
   42.4800000000000       0.392111709912495     
   42.5400000000000       0.372132243210163     
   42.6000000000000       0.351727196216324     
   42.6600000000000       0.331188080569713     
   42.7200000000000       0.310807716345134     
   42.7800000000000       0.290876066141396     
   42.8400000000000       0.271676143955292     
   42.9000000000000       0.253480055132330     
   42.9600000000000       0.236545219994200     
   43.0200000000000       0.221110829515455     
   43.0800000000000       0.207394576809677     
   43.1400000000000       0.195589703328037     
   43.2000000000000       0.185862393692999     
   43.2600000000000       0.178349548086343     
   43.3200000000000       0.173156956157076     
   43.3800000000000       0.170357891558408     
   43.4400000000000       0.169992141483982     
   43.5000000000000       0.172065480948971     
   43.5600000000000       0.176549597028541     
   43.6200000000000       0.183382463787255     
   43.6800000000000       0.192469164162964     
   43.7400000000000       0.203683150561074     
   43.8000000000000       0.216867931328971     
   43.8600000000000       0.231839165587158     
   43.9200000000000       0.248387144082713     
   43.9800000000000       0.266279628813961     
   44.0400000000000       0.285265019189854     
   44.1000000000000       0.305075807498111     
   44.1600000000000       0.325432281553007     
   44.2200000000000       0.346046427691220     
   44.2800000000000       0.366625982916883     
   44.3400000000000       0.386878581112760     
   44.4000000000000       0.406515934988843     
   44.4600000000000       0.425257992986774     
   44.5200000000000       0.442837008843766     
   44.5800000000000       0.459001461070383     
   44.6400000000000       0.473519760315442     
   44.7000000000000       0.486183684548111     
   44.7600000000000       0.496811485214355     
   44.8200000000000       0.505250612013064     
   44.8800000000000       0.511380009633203     
   44.9400000000000       0.515111946601177     
   45.0000000000000       0.516393344169167     
   45.0600000000000       0.515206581756583     
   45.1200000000000       0.511569764632137     
   45.1800000000000       0.505536449064964     
   45.2400000000000       0.497194829836952     
   45.3000000000000       0.486666404546903     
   45.3600000000000       0.474104138307737     
   45.4200000000000       0.459690161011862     
   45.4800000000000       0.443633037112475     
   45.5400000000000       0.426164654664930     
   45.6000000000000       0.407536786055592     
   45.6600000000000       0.388017377319488     
   45.7200000000000       0.367886626160159     
   45.7800000000000       0.347432910725872     
   45.8400000000000       0.326948631899241     
   45.9000000000000       0.306726031392029     
   45.9600000000000       0.287053046406536     
   46.0200000000000       0.268209259157404     
   46.0800000000000       0.250461996288432     
   46.1400000000000       0.234062629322615     
   46.2000000000000       0.219243122905959     
   46.2600000000000       0.206212872894385     
   46.3200000000000       0.195155871423592     
   46.3800000000000       0.186228231107698     
   46.4400000000000       0.179556095524874     
   46.5000000000000       0.175233958231489     
   46.5600000000000       0.173323407737091     
   46.6200000000000       0.173852311183270     
   46.6800000000000       0.176814444888864     
   46.7400000000000       0.182169575423262     
   46.8000000000000       0.189843990407767     
   46.8600000000000       0.199731473775089     
   46.9200000000000       0.211694715693586     
   46.9800000000000       0.225567142748167     
   47.0400000000000       0.241155149240717     
   47.1000000000000       0.258240705625813     
   47.1600000000000       0.276584315153134     
   47.2200000000000       0.295928284792279     
   47.2800000000000       0.316000271542824     
   47.3400000000000       0.336517060381531     
   47.4000000000000       0.357188525491132     
   47.4600000000000       0.377721722192120     
   47.5200000000000       0.397825053311387     
   47.5800000000000       0.417212450725676     
   47.6400000000000       0.435607510666741     
   47.7000000000000       0.452747520208426     
   47.7600000000000       0.468387312294276     
   47.8200000000000       0.482302887799568     
   47.8800000000000       0.494294745511920     
   47.9400000000000       0.504190864578004     
   48.0000000000000       0.511849288876334     
   48.0600000000000       0.517160268869369     
   48.1200000000000       0.520047923651342     
   48.1800000000000       0.520471393989745     
   48.2400000000000       0.518425465972381     
   48.3000000000000       0.513940654203339     
   48.3600000000000       0.507082743105071     
   48.4200000000000       0.497951794533834     
   48.4800000000000       0.486680639354212     
   48.5400000000000       0.473432879605771     
   48.6000000000000       0.458400436209507     
   48.6600000000000       0.441800684607624     
   48.7200000000000       0.423873227145307     
   48.7800000000000       0.404876356263938     
   48.8400000000000       0.385083266600444     
   48.9000000000000       0.364778076840500     
   48.9600000000000       0.344251723660106     
   49.0200000000000       0.323797790358031     
   49.0800000000000       0.303708331913806     
   49.1400000000000       0.284269756316526     
   49.2000000000000       0.265758819234165     
   49.2600000000000       0.248438785583192     
   49.3200000000000       0.232555807471317     
   49.3800000000000       0.218335563477011     
   49.4400000000000       0.205980199444002     
   49.5000000000000       0.195665606036421     
   49.5600000000000       0.187539063327532     
   49.6200000000000       0.181717277764461     
   49.6800000000000       0.178284832017564     
   49.7400000000000       0.177293063513620     
   49.8000000000000       0.178759382869308     
   49.8600000000000       0.182667038966183     
   49.9200000000000       0.188965333004584     
   49.9800000000000       0.197570279495319     
   50.0400000000000       0.208365707744468     
   50.1000000000000       0.221204792911459     
   50.1600000000000       0.235912001137350     
   50.2200000000000       0.252285428528461     
   50.2800000000000       0.270099508942026     
   50.3400000000000       0.289108060581109     
   50.4000000000000       0.309047636419770     
   50.4600000000000       0.329641138527133     
   50.5200000000000       0.350601651546767     
   50.5800000000000       0.371636446044828     
   50.6400000000000       0.392451098311487     
   50.7000000000000       0.412753669641058     
   50.7600000000000       0.432258885285159     
   50.8200000000000       0.450692251322159     
   50.8800000000000       0.467794046753115     
   50.9400000000000       0.483323128335051     
   51.0000000000000       0.497060487082239     
   51.0600000000000       0.508812498054568     
   51.1200000000000       0.518413809018337     
   51.1800000000000       0.525729818773869     
   51.2400000000000       0.530658702317559     
   51.3000000000000       0.533132947421814     
   51.3600000000000       0.533120375513582     
   51.4200000000000       0.530624628716199     
   51.4800000000000       0.525685114368316     
   51.5400000000000       0.518376408007777     
   51.6000000000000       0.508807125458556     
   51.6600000000000       0.497118284037073     
   51.7200000000000       0.483481181763063     
   51.7800000000000       0.468094831602024     
   51.8400000000000       0.451182994991736     
   51.9000000000000       0.432990865059985     
   51.9600000000000       0.413781454910372     
   52.0200000000000       0.393831750066453     
   52.0800000000000       0.373428686595436     
   52.1400000000000       0.352865017597156     
   52.2000000000000       0.332435130699021     
   52.2600000000000       0.312430878035123     
   52.3200000000000       0.293137478028198     
   52.3800000000000       0.274829545278351     
   52.4400000000000       0.257767301147752     
   52.5000000000000       0.242193013374735     
   52.5600000000000       0.228327708409156     
   52.6200000000000       0.216368195278037     
   52.6800000000000       0.206484434792270     
   52.7400000000000       0.198817282894690     
   52.8000000000000       0.193476632004878     
   52.8600000000000       0.190539969385835     
   52.9200000000000       0.190051366864895     
   52.9800000000000       0.192020911683767     
   53.0400000000000       0.196424583806953     
   53.1000000000000       0.203204580645445     
   53.1600000000000       0.212270085805163     
   53.2200000000000       0.223498474096658     
   53.2800000000000       0.236736940598058     
   53.3400000000000       0.251804537012602     
   53.4000000000000       0.268494593887891     
   53.4600000000000       0.286577502471509     
   53.5200000000000       0.305803825096857     
   53.5800000000000       0.325907698082293     
   53.6400000000000       0.346610486270246     
   53.7000000000000       0.367624643640858     
   53.7600000000000       0.388657730037999     
   53.8200000000000       0.409416530090123     
   53.8800000000000       0.429611217050120     
   53.9400000000000       0.448959501673044     
   54.0000000000000       0.467190704547078     
   54.0600000000000       0.484049689624215     
   54.1200000000000       0.499300597172400     
   54.1800000000000       0.512730316067784     
   54.2400000000000       0.524151638305806     
   54.3000000000000       0.533406042833130     
   54.3600000000000       0.540366061245083     
   54.4200000000000       0.544937184468197     
   54.4800000000000       0.547059277125145     
   54.5400000000000       0.546707474692101     
   54.6000000000000       0.543892547606769     
   54.6600000000000       0.538660725943601     
   54.7200000000000       0.531092987899986     
   54.7800000000000       0.521303824885176     
   54.8400000000000       0.509439505226801     
   54.9000000000000       0.495675867175454     
   54.9600000000000       0.480215679784848     
   55.0200000000000       0.463285617191288     
   55.0800000000000       0.445132897667045     
   55.1400000000000       0.426021643472151     
   55.2000000000000       0.406229020917258     
   55.2600000000000       0.386041222159553     
   55.3200000000000       0.365749351109985     
   55.3800000000000       0.345645275497221     
   55.4400000000000       0.326017505711926     
   55.5000000000000       0.307147158668763     
   55.5600000000000       0.289304061719212     
   55.6200000000000       0.272743047782645     
   55.6800000000000       0.257700488495054     
   55.7400000000000       0.244391107459023     
   55.8000000000000       0.233005110755926     
   55.8600000000000       0.223705666874205     
   55.9200000000000       0.216626763215064     
   55.9800000000000       0.211871461430607     
   56.0400000000000       0.209510569074279     
   56.1000000000000       0.209581740416820     
   56.1600000000000       0.212089014796260     
   56.2200000000000       0.217002796500869     
   56.2800000000000       0.224260275888160     
   56.3400000000000       0.233766287171285     
   56.4000000000000       0.245394594005514     
   56.4600000000000       0.258989589636830     
   56.5200000000000       0.274368393898929     
   56.5800000000000       0.291323324749414     
   56.6400000000000       0.309624717328634     
   56.7000000000000       0.329024058738988     
   56.7600000000000       0.349257401939757     
   56.8200000000000       0.370049017420065     
   56.8800000000000       0.391115236762113     
   56.9400000000000       0.412168437970935     
   57.0000000000000       0.432921118671699     
   57.0600000000000       0.453090000115090     
   57.1200000000000       0.472400102540190     
   57.1800000000000       0.490588730966277     
   57.2400000000000       0.507409310049826     
   57.3000000000000       0.522635007353039     
   57.3600000000000       0.536062086298037     
   57.4200000000000       0.547512933260193     
   57.4800000000000       0.556838707679051     
   57.5400000000000       0.563921569685090     
   57.6000000000000       0.568676446462438     
   57.6600000000000       0.571052306257266     
   57.7200000000000       0.571032917427077     
   57.7800000000000       0.568637079005512     
   57.8400000000000       0.563918318704175     
   57.9000000000000       0.556964063846301     
   57.9600000000000       0.547894300180399     
   58.0200000000000       0.536859742612409     
   58.0800000000000       0.524039550393880     
   58.1400000000000       0.509638627004065     
   58.2000000000000       0.493884551689449     
   58.2600000000000       0.477024195234388     
   58.3200000000000       0.459320076931431     
   58.3800000000000       0.441046522842777     
   58.4400000000000       0.422485687281776     
   58.5000000000000       0.403923500023725     
   58.5600000000000       0.385645601145000     
   58.6200000000000       0.367933323688584     
   58.6800000000000       0.351059781687733     
   58.7400000000000       0.335286117593217     
   58.8000000000000       0.320857958998679     
   58.8600000000000       0.308002129901285     
   58.9200000000000       0.296923656724446     
   58.9800000000000       0.287803104107070     
   59.0400000000000       0.280794270152646     
   59.1000000000000       0.276022265532659     
   59.1600000000000       0.273581995628734     
   59.2200000000000       0.273537059826472     
   59.2800000000000       0.275919077167046     
   59.3400000000000       0.280727442822785     
   59.4000000000000       0.287929515274762     
   59.4600000000000       0.297461229604657     
   59.5200000000000       0.309228127933067     
   59.5800000000000       0.323106793704308     
   59.6400000000000       0.338946672200333     
   59.7000000000000       0.356572255341863     
   59.7600000000000       0.375785604497043     
   59.8200000000000       0.396369180680410     
   59.8800000000000       0.418088947223783     
   59.9400000000000       0.440697705795007     
   60.0000000000000       0.463938622611429     
   60.0600000000000       0.487548897944088     
   60.1200000000000       0.511263528653029     
   60.1800000000000       0.534819110661023     
   60.2400000000000       0.557957626094692     
   60.3000000000000       0.580430158427030     
   60.3600000000000       0.602000478461953     
   60.4200000000000       0.622448444511297     
   60.4800000000000       0.641573161704370     
   60.5400000000000       0.659195848086315     
   60.6000000000000       0.675162359017745     
   60.6600000000000       0.689345326358954     
   60.7200000000000       0.701645874944559     
   60.7800000000000       0.711994885827751     
   60.8400000000000       0.720353783560460     
   60.9000000000000       0.726714833207862     
   60.9600000000000       0.731100941679053     
   61.0200000000000       0.733564967075723     
   61.0800000000000       0.734188548891903     
   61.1400000000000       0.733080480811526     
   61.2000000000000       0.730374656321444     
   61.2600000000000       0.726227625174868     
   61.3200000000000       0.720815805711639     
   61.3800000000000       0.714332404003098     
   61.4400000000000       0.706984095607184     
   61.5000000000000       0.698987529296271     
   61.5600000000000       0.690565714396991     
   61.6200000000000       0.681944354336570     
   61.6800000000000       0.673348188640568     
   61.7400000000000       0.664997404024953     
   61.8000000000000       0.657104172454135     
   61.8600000000000       0.649869370207989     
   61.9200000000000       0.643479527247693     
   61.9800000000000       0.638104050642171     
   62.0400000000000       0.633892759674429     
   62.1000000000000       0.630973763655104     
   62.1600000000000       0.629451706593697     
   62.2200000000000       0.629406395875801     
   62.2800000000000       0.630891825117444     
   62.3400000000000       0.633935594553051     
   62.4000000000000       0.638538725784556     
   62.4600000000000       0.644675861582485     
   62.5200000000000       0.652295835774609     
   62.5800000000000       0.661322593156271     
   62.6400000000000       0.671656434863904     
   62.7000000000000       0.683175560808708     
   62.7600000000000       0.695737877595139     
   62.8200000000000       0.709183037859042     
   62.8800000000000       0.723334675151027     
   62.9400000000000       0.738002797348300     
   63.0000000000000       0.752986301078860     
   63.0600000000000       0.768075569753040     
   63.1200000000000       0.783055118477051     
   63.1800000000000       0.797706250322968     
   63.2400000000000       0.811809690093477     
   63.3000000000000       0.825148163787060     
   63.3600000000000       0.837508894373324     
   63.4200000000000       0.848685987160089     
   63.4800000000000       0.858482680902014     
   63.5400000000000       0.866713443792793     
   63.6000000000000       0.873205896529851     
   63.6600000000000       0.877802547674357     
   63.7200000000000       0.880362329489962     
   63.7800000000000       0.880761925277150     
   63.8400000000000       0.878896881882176     
   63.9000000000000       0.874682503517786     
   63.9600000000000       0.868054525265760     
   64.0200000000000       0.858969566630499     
   64.0800000000000       0.847405367282659     
   64.1400000000000       0.833360808687899     
   64.2000000000000       0.816855726684591     
   64.2600000000000       0.797930521290298     
   64.3200000000000       0.776645571120300     
   64.3800000000000       0.753080460835835     
   64.4400000000000       0.727333031047269     
   64.5000000000000       0.699518261117093     
   64.5600000000000       0.669766996372142     
   64.6200000000000       0.638224532365025     
   64.6800000000000       0.605049070032972     
   64.7400000000000       0.570410056885020     
   64.8000000000000       0.534486430688266     
   64.8600000000000       0.497464783490482     
   64.9200000000000       0.459537465166208     
   64.9800000000000       0.420900646951032     
   65.0400000000000       0.381752366572679     
   65.1000000000000       0.342290577529742     
   65.1600000000000       0.302711225741439     
   65.2200000000000       0.263206377129221     
   65.2800000000000       0.223962419635855     
   65.3400000000000       0.185158362692290     
   65.4000000000000       0.146964256174231     
   65.4600000000000       0.109539749432933     
   65.5200000000000       7.303280904063073E-002
   65.5800000000000       3.757861148222006E-002
   65.6400000000000       3.298624192193410E-003
   65.7000000000000      -2.970011486043720E-002
   65.7600000000000      -6.132551232148557E-002
   65.8200000000000      -9.150072630205119E-002
   65.8800000000000      -0.120164265681888     
   65.9400000000000      -0.147269886399119     
   66.0000000000000      -0.172786292931383     
   66.0600000000000      -0.196696656632171     
   66.1200000000000      -0.218997965735571     
   66.1800000000000      -0.239700224597464     
   66.2400000000000      -0.258825522029552     
   66.3000000000000      -0.276406990349861     
   66.3600000000000      -0.292487677982591     
   66.4200000000000      -0.307119359074076     
   66.4800000000000      -0.320361303651696     
   66.5400000000000      -0.332279031359759     
   66.6000000000000      -0.342943070797563     
   66.6600000000000      -0.352427745012615     
   66.7200000000000      -0.360810001831203     
   66.7800000000000      -0.368168305512813     
   66.8400000000000      -0.374581603774413     
   66.9000000000000      -0.380128381628483     
   66.9600000000000      -0.384885810797145     
   67.0200000000000      -0.388929000783237     
   67.0800000000000      -0.392330355071386     
   67.1400000000000      -0.395159033463385     
   67.2000000000000      -0.397480519278323     
   67.2600000000000      -0.399356288114375     
   67.3200000000000      -0.400843573109020     
   67.3800000000000      -0.401995220170393     
   67.4400000000000      -0.402859625494607     
   67.5000000000000      -0.403480746833250     
   67.5600000000000      -0.403898179421838     
   67.6200000000000      -0.404147287207089     
   67.6800000000000      -0.404259379993960     
   67.7400000000000      -0.404261927343381     
   67.8000000000000      -0.404178800455841     
   67.8600000000000      -0.404030533839417     
   67.9200000000000      -0.403834599248448     
   67.9800000000000      -0.403605685155771     
   68.0400000000000      -0.403355975854608     
   68.1000000000000      -0.403095425145516     
   68.1600000000000      -0.402832020422048     
   68.2200000000000      -0.402572033803196     
   68.2800000000000      -0.402320257751609     
   68.3400000000000      -0.402080223349335     
   68.4000000000000      -0.401854400066098     
   68.4600000000000      -0.401644376441589     
   68.5200000000000      -0.401451021609211     
   68.5800000000000      -0.401274628013173     
   68.6400000000000      -0.401115036015550     
   68.7000000000000      -0.400971741358983     
   68.7600000000000      -0.400843986649327     
   68.8200000000000      -0.400730838157680     
   68.8800000000000      -0.400631249320189     
   68.9400000000000      -0.400544112344785     
   69.0000000000000      -0.400468299324342     
   69.0600000000000      -0.400402694213431     
   69.1200000000000      -0.400346216958256     
   69.1800000000000      -0.400297840982834     
   69.2400000000000      -0.400256605135500     
   69.3000000000000      -0.400221621093126     
   69.3600000000000      -0.400192077110752     
   69.4200000000000      -0.400167238895207     
   69.4800000000000      -0.400146448275604     
   69.5400000000000      -0.400129120243592     
   69.6000000000000      -0.400114738843451     
   69.6600000000000      -0.400102852307622     
   69.7200000000000      -0.400093067757591     
   69.7800000000000      -0.400085045723278     
   69.8400000000000      -0.400078494676360     
   69.9000000000000      -0.400073165723476     
   69.9600000000000      -0.400068847563890     
   70.0200000000000      -0.400065361781960     
   70.0800000000000      -0.400062558517074     
   70.1400000000000      -0.400060312531826     
   70.2000000000000      -0.400058519682215     
   70.2600000000000      -0.400057093780993     
   70.3200000000000      -0.400055963836142     
   70.3800000000000      -0.400055071640332     
   70.4400000000000      -0.400054369683334     
   70.5000000000000      -0.400053819357497     
   70.5600000000000      -0.400053389425855     
   70.6200000000000      -0.400053054723059     
   70.6800000000000      -0.400052795060629     
   70.7400000000000      -0.400052594309964     
   70.8000000000000      -0.400052439638649     
   70.8600000000000      -0.400052320878013     
   70.9200000000000      -0.400052230002203     
   70.9800000000000      -0.400052160701394     
   71.0400000000000      -0.400052108033957     
   71.1000000000000      -0.400052068144393     
   71.1600000000000      -0.400052038035814     
   71.2200000000000      -0.400052015387274     
   71.2800000000000      -0.400051998407869     
   71.3400000000000      -0.400051985720747     
   71.4000000000000      -0.400051976271325     
   71.4600000000000      -0.400051969254945     
   71.5200000000000      -0.400051964060136     
   71.5800000000000      -0.400051960224191     
   71.6400000000000      -0.400051957398577     
   71.7000000000000      -0.400051955321998     
   71.7600000000000      -0.400051953799518     
   71.8200000000000      -0.400051952686369     
   71.8800000000000      -0.400051951875474     
   71.9400000000000      -0.400051951287842     
   72.0000000000000      -0.400051950865217     
   72.0600000000000      -0.400051950564518     
   72.1200000000000      -0.400051950353679     
   72.1800000000000      -0.400051950208593     
   72.2400000000000      -0.400051950110926     
   72.3000000000000      -0.400051950046589     
   72.3600000000000      -0.400051950004721     
   72.4200000000000      -0.400051949977012     
   72.4800000000000      -0.400051949957280     
   72.5400000000000      -0.400051949941170     
   72.6000000000000      -0.400051949925931     
   72.6600000000000      -0.400051949910192     
   72.7200000000000      -0.400051949893707     
   72.7800000000000      -0.400051949877078     
   72.8400000000000      -0.400051949861453     
   72.9000000000000      -0.400051949848187     
   72.9600000000000      -0.400051949838560     
   73.0200000000000      -0.400051949833501     
   73.0800000000000      -0.400051949833416     
   73.1400000000000      -0.400051949838102     
   73.2000000000000      -0.400051949846735     
   73.2600000000000      -0.400051949857999     
   73.3200000000000      -0.400051949870236     
   73.3800000000000      -0.400051949881688     
   73.4400000000000      -0.400051949890738     
   73.5000000000000      -0.400051949896127     
   73.5600000000000      -0.400051949897126     
   73.6200000000000      -0.400051949893633     
   73.6800000000000      -0.400051949886180     
   73.7400000000000      -0.400051949875852     
   73.8000000000000      -0.400051949864131     
   73.8600000000000      -0.400051949852682     
   73.9200000000000      -0.400051949843118     
   73.9800000000000      -0.400051949836775     
   74.0400000000000      -0.400051949834530     
   74.1000000000000      -0.400051949836672     
   74.1600000000000      -0.400051949842878     
   74.2200000000000      -0.400051949852254     
   74.2800000000000      -0.400051949863470     
   74.3400000000000      -0.400051949874949     
   74.4000000000000      -0.400051949885091     
   74.4600000000000      -0.400051949892491     
   74.5200000000000      -0.400051949896148     
   74.5800000000000      -0.400051949895585     
   74.6400000000000      -0.400051949890922     
   74.7000000000000      -0.400051949882855     
   74.7600000000000      -0.400051949872550     
   74.8200000000000      -0.400051949861475     
   74.8800000000000      -0.400051949851195     
   74.9400000000000      -0.400051949843154     
   75.0000000000000      -0.400051949838468     
   75.0600000000000      -0.400051949837775     
   75.1200000000000      -0.400051949841153     
   75.1800000000000      -0.400051949848103     
   75.2400000000000      -0.400051949857636     
   75.3000000000000      -0.400051949868405     
   75.3600000000000      -0.400051949878902     
   75.4200000000000      -0.400051949887669     
   75.4800000000000      -0.400051949893500     
   75.5400000000000      -0.400051949895609     
   75.6000000000000      -0.400051949893735     
   75.6600000000000      -0.400051949888177     
   75.7200000000000      -0.400051949879750     
   75.7800000000000      -0.400051949869658     
   75.8400000000000      -0.400051949859329     
   75.9000000000000      -0.400051949850219     
   75.9600000000000      -0.400051949843597     
   76.0200000000000      -0.400051949840378     
   76.0800000000000      -0.400051949840995     
   76.1400000000000      -0.400051949845338     
   76.2000000000000      -0.400051949852780     
   76.2600000000000      -0.400051949862266     
   76.3200000000000      -0.400051949872463     
   76.3800000000000      -0.400051949881947     
   76.4400000000000      -0.400051949889405     
   76.5000000000000      -0.400051949893813     
   76.5600000000000      -0.400051949894583     
   76.6200000000000      -0.400051949891643     
   76.6800000000000      -0.400051949885431     
   76.7400000000000      -0.400051949876842     
   76.8000000000000      -0.400051949867100     
   76.8600000000000      -0.400051949857576     
   76.9200000000000      -0.400051949849602     
   76.9800000000000      -0.400051949844286     
   77.0400000000000      -0.400051949842356     
   77.1000000000000      -0.400051949844063     
   77.1600000000000      -0.400051949849151     
   77.2200000000000      -0.400051949856888     
   77.2800000000000      -0.400051949866181     
   77.3400000000000      -0.400051949875729     
   77.4000000000000      -0.400051949884203     
   77.4600000000000      -0.400051949890430     
   77.5200000000000      -0.400051949893564     
   77.5800000000000      -0.400051949893188     
   77.6400000000000      -0.400051949889384     
   77.7000000000000      -0.400051949882708     
   77.7600000000000      -0.400051949874114     
   77.8200000000000      -0.400051949864812     
   77.8800000000000      -0.400051949856111     
   77.9400000000000      -0.400051949849223     
   78.0000000000000      -0.400051949845097     
   78.0600000000000      -0.400051949844294     
   78.1200000000000      -0.400051949846908     
   78.1800000000000      -0.400051949852555     
   78.2400000000000      -0.400051949860431     
   78.3000000000000      -0.400051949869427     
   78.3600000000000      -0.400051949878285     
   78.4200000000000      -0.400051949885772     
   78.4800000000000      -0.400051949890860     
   78.5400000000000      -0.400051949892852     
   78.6000000000000      -0.400051949891495     
   78.6600000000000      -0.400051949886999     
   78.7200000000000      -0.400051949880014     
   78.7800000000000      -0.400051949871525     
   78.8400000000000      -0.400051949862728     
   78.9000000000000      -0.400051949854853     
   78.9600000000000      -0.400051949848986     
   79.0200000000000      -0.400051949845941     
   79.0800000000000      -0.400051949846119     
   79.1400000000000      -0.400051949849479     
   79.2000000000000      -0.400051949855538     
   79.2600000000000      -0.400051949863433     
   79.3200000000000      -0.400051949872056     
   79.3800000000000      -0.400051949880203     
   79.4400000000000      -0.400051949886743     
   79.5000000000000      -0.400051949890775     
   79.5600000000000      -0.400051949891755     
   79.6200000000000      -0.400051949889560     
   79.6800000000000      -0.400051949884517     
   79.7400000000000      -0.400051949877341     
   79.8000000000000      -0.400051949869046     
   79.8600000000000      -0.400051949860788     
   79.9200000000000      -0.400051949853721     
   79.9800000000000      -0.400051949848815     
   80.0400000000000      -0.400051949846741     
   80.1000000000000      -0.400051949847775     
   80.1600000000000      -0.400051949851747     
   80.2200000000000      -0.400051949858094     
   80.2800000000000      -0.400051949865917     
   80.3400000000000      -0.400051949874115     
   80.4000000000000      -0.400051949881548     
   80.4600000000000      -0.400051949887184     
   80.5200000000000      -0.400051949890246     
   80.5800000000000      -0.400051949890323     
   80.6400000000000      -0.400051949887413     
   80.7000000000000      -0.400051949881941     
   80.7600000000000      -0.400051949874676     
   80.8200000000000      -0.400051949866636     
   80.8800000000000      -0.400051949858942     
   80.9400000000000      -0.400051949852657     
   81.0000000000000      -0.400051949848647     
   81.0600000000000      -0.400051949847453     
   81.1200000000000      -0.400051949849224     
   81.1800000000000      -0.400051949853698     
   81.2400000000000      -0.400051949860233     
   81.3000000000000      -0.400051949867908     
   81.3600000000000      -0.400051949875648     
   81.4200000000000      -0.400051949882373     
   81.4800000000000      -0.400051949887150     
   81.5400000000000      -0.400051949889322     
   81.6000000000000      -0.400051949888594     
   81.6600000000000      -0.400051949885079     
   81.7200000000000      -0.400051949879277     
   81.7800000000000      -0.400051949872001     
   81.8400000000000      -0.400051949864264     
   81.9000000000000      -0.400051949857139     
   81.9600000000000      -0.400051949851611     
   82.0200000000000      -0.400051949848432     
   82.0800000000000      -0.400051949848033     
   82.1400000000000      -0.400051949850446     
   82.2000000000000      -0.400051949855320     
   82.2600000000000      -0.400051949861962     
   82.3200000000000      -0.400051949869436     
   82.3800000000000      -0.400051949876694     
   82.4400000000000      -0.400051949882724     
   82.5000000000000      -0.400051949886686     
   82.5600000000000      -0.400051949888038     
   82.6200000000000      -0.400051949886596     
   82.6800000000000      -0.400051949882571     
   82.7400000000000      -0.400051949876522     
   82.8000000000000      -0.400051949869298     
   82.8600000000000      -0.400051949861899     
   82.9200000000000      -0.400051949855346     
   82.9800000000000      -0.400051949850541     
   83.0400000000000      -0.400051949848138     
   83.1000000000000      -0.400051949848451     
   83.1600000000000      -0.400051949851419     
   83.2200000000000      -0.400051949856615     
   83.2800000000000      -0.400051949863295     
   83.3400000000000      -0.400051949870523     
   83.4000000000000      -0.400051949877282     
   83.4600000000000      -0.400051949882634     
   83.5200000000000      -0.400051949885830     
   83.5800000000000      -0.400051949886429     
   83.6400000000000      -0.400051949884352     
   83.7000000000000      -0.400051949879891     
   83.7600000000000      -0.400051949873669     
   83.8200000000000      -0.400051949866546     
   83.8800000000000      -0.400051949859510     
   83.9400000000000      -0.400051949853526     
   84.0000000000000      -0.400051949849415     
   84.0600000000000      -0.400051949847729     
   84.1200000000000      -0.400051949848688     
   84.1800000000000      -0.400051949852138     
   84.2400000000000      -0.400051949857579     
   84.3000000000000      -0.400051949864245     
   84.3600000000000      -0.400051949871190     
   84.4200000000000      -0.400051949877446     
   84.4800000000000      -0.400051949882136     
   84.5400000000000      -0.400051949884605     
   84.6000000000000      -0.400051949884514     
   84.6600000000000      -0.400051949881872     
   84.7200000000000      -0.400051949877046     
   84.7800000000000      -0.400051949870708     
   84.8400000000000      -0.400051949863730     
   84.9000000000000      -0.400051949857073     
   84.9600000000000      -0.400051949851652     
   85.0200000000000      -0.400051949848202     
   85.0800000000000      -0.400051949847188     
   85.1400000000000      -0.400051949848728     
   85.2000000000000      -0.400051949852589     
   85.2600000000000      -0.400051949858219     
   85.3200000000000      -0.400051949864821     
   85.3800000000000      -0.400051949871460     
   85.4400000000000      -0.400051949877207     
   85.5000000000000      -0.400051949881258     
   85.5600000000000      -0.400051949883043     
   85.6200000000000      -0.400051949882313     
   85.6800000000000      -0.400051949879167     
   85.7400000000000      -0.400051949874036     
   85.8000000000000      -0.400051949867632     
   85.8600000000000      -0.400051949860831     
   85.9200000000000      -0.400051949854567     
   85.9800000000000      -0.400051949849699     
   86.0400000000000      -0.400051949846882     
   86.1000000000000      -0.400051949846491     
   86.1600000000000      -0.400051949848557     
   86.2200000000000      -0.400051949852777     
   86.2800000000000      -0.400051949858543     
   86.3400000000000      -0.400051949865040     
   86.4000000000000      -0.400051949871352     
   86.4600000000000      -0.400051949876590     
   86.5200000000000      -0.400051949880018     
   86.5800000000000      -0.400051949881157     
   86.6400000000000      -0.400051949879839     
   86.7000000000000      -0.400051949876243     
   86.7600000000000      -0.400051949870861     
   86.8200000000000      -0.400051949864433     
   86.8800000000000      -0.400051949857837     
   86.9400000000000      -0.400051949851977     
   87.0000000000000      -0.400051949847650     
   87.0600000000000      -0.400051949845438     
   87.1200000000000      -0.400051949845628     
   87.1800000000000      -0.400051949848171     
   87.2400000000000      -0.400051949852694     
   87.3000000000000      -0.400051949858553     
   87.3600000000000      -0.400051949864915     
   87.4200000000000      -0.400051949870881     
   87.4800000000000      -0.400051949875611     
   87.5400000000000      -0.400051949878439     
   87.6000000000000      -0.400051949878962     
   87.6600000000000      -0.400051949877101     
   87.7200000000000      -0.400051949873104     
   87.7800000000000      -0.400051949867515     
   87.8400000000000      -0.400051949861099     
   87.9000000000000      -0.400051949854734     
   87.9600000000000      -0.400051949849283     
   88.0200000000000      -0.400051949845487     
   88.0800000000000      -0.400051949843853     
   88.1400000000000      -0.400051949844586     
   88.2000000000000      -0.400051949847562     
   88.2600000000000      -0.400051949852347     
   88.3200000000000      -0.400051949858257     
   88.3800000000000      -0.400051949864452     
   88.4400000000000      -0.400051949870060     
   88.5000000000000      -0.400051949874283     
   88.5600000000000      -0.400051949876529     
   88.6200000000000      -0.400051949876471     
   88.6800000000000      -0.400051949874105     
   88.7400000000000      -0.400051949869747     
   88.8000000000000      -0.400051949863992     
   88.8600000000000      -0.400051949857623     
   88.9200000000000      -0.400051949851503     
   88.9800000000000      -0.400051949846469     
   89.0400000000000      -0.400051949843195     
   89.1000000000000      -0.400051949842116     
   89.1600000000000      -0.400051949843356     
   89.2200000000000      -0.400051949846724     
   89.2800000000000      -0.400051949851730     
   89.3400000000000      -0.400051949857657     
   89.4000000000000      -0.400051949863664     
   89.4600000000000      -0.400051949868902     
   89.5200000000000      -0.400051949872626     
   89.5800000000000      -0.400051949874304     
   89.6400000000000      -0.400051949873689     
   89.7000000000000      -0.400051949870854     
   89.7600000000000      -0.400051949866176     
   89.8200000000000      -0.400051949860288     
   89.8800000000000      -0.400051949853993     
   89.9400000000000      -0.400051949848140     
