$self.energy: imaginary piece per atom
    1       0.1424445      0.1134435      4.4557346    au    empty    0.00000000000000D+00
    2      -0.1689195      0.0042317     -4.4601905    au    empty    0.00000000000000D+00
    3       0.0258412      0.5402192      7.3053166    au    empty    0.00000000000000D+00
    4      -0.4257952     -1.5775902     -6.8576278    au    empty    0.00000000000000D+00
    5       2.0350436     -1.2014261      6.1892392    au    empty    0.00000000000000D+00
    6      -2.4653201     -1.7019182     -4.8227488    au    empty    0.00000000000000D+00
    7       0.9007146      2.6655709      5.5636712    au    empty    0.00000000000000D+00
    8      -0.7245196      1.2879216     -6.9819558    au    empty    0.00000000000000D+00
    9       2.9099170      0.9239255      4.4475938    au    empty    0.00000000000000D+00
   10      -2.7640445      1.1635936     -4.9470768    au    empty    0.00000000000000D+00
   11      -0.0907620      0.9669950     10.1548986    au    right    0.50000000000000D-01
   12      -0.6826710     -3.1594121     -9.2550652    au    left     0.50000000000000D-01
   13       1.9184403     -0.7746504      9.0388212    au    right    0.50000000000000D-01
   14      -2.7221958     -3.2837401     -7.2201862    au    left     0.50000000000000D-01
   15       3.9276427     -2.5162957      7.9227438    au    right    0.50000000000000D-01
   16      -4.7617207     -3.4080681     -5.1853071    au    left     0.50000000000000D-01
   17       0.7841114      3.0923467      8.4132533    au    right    0.50000000000000D-01
   18      -0.9813953     -0.2939003     -9.3793932    au    left     0.50000000000000D-01
   19       2.7933137      1.3507013      7.2971758    au    right    0.50000000000000D-01
   20      -3.0209202     -0.4182283     -7.3445142    au    left     0.50000000000000D-01
   21       4.8025161     -0.3909441      6.1810984    au    right    0.50000000000000D-01
   22      -5.0604450     -0.5425563     -5.3096351    au    left     0.50000000000000D-01
   23       1.6589848      5.2176983      6.6716079    au    right    0.50000000000000D-01
   24      -1.2801197      2.5716115     -9.5037212    au    left     0.50000000000000D-01
   25       3.6681872      3.4760529      5.5555305    au    right    0.50000000000000D-01
   26      -3.3196445      2.4472835     -7.4688422    au    left     0.50000000000000D-01
   27       5.6773895      1.7344076      4.4394530    au    right    0.50000000000000D-01
   28      -5.3591694      2.3229555     -5.4339631    au    left     0.50000000000000D-01
   29       2.6767105      1.7774771     10.1467579    au    right    0.10000000000000D+00
   30      -3.2777959     -2.0000503     -9.7419515    au    left     0.10000000000000D+00
   31       4.6859129      0.0358317      9.0306804    au    right    0.10000000000000D+00
   32      -5.3173207     -2.1243782     -7.7070725    au    left     0.10000000000000D+00
   33       3.5515839      3.9028287      8.4051125    au    right    0.10000000000000D+00
   34      -3.5765202      0.8654616     -9.8662795    au    left     0.10000000000000D+00
   35       5.5607863      2.1611834      7.2890351    au    right    0.10000000000000D+00
   36      -5.6160451      0.7411336     -7.8314005    au    left     0.10000000000000D+00
   37       6.4356597      4.2865350      5.5473897    au    right    0.10000000000000D+00
   38      -7.6555699      0.6168056     -5.7965215    au    left     0.10000000000000D+00
   39       1.0596388     -1.0210099     -0.4238528    c     empty    0.00000000000000D+00
   40       0.5095278     -1.1779515      0.8527935    c     empty    0.00000000000000D+00
   41      -0.5285569     -0.3234396      1.2964996    c     empty    0.00000000000000D+00
   42      -0.9966060      0.6977818      0.4299640    c     empty    0.00000000000000D+00
   43      -0.4413526      0.8617431     -0.8425907    c     empty    0.00000000000000D+00
   44       0.5950645      0.0045566     -1.2868688    c     empty    0.00000000000000D+00
   45       1.8519938     -1.7024544     -0.7736492    h     empty    0.00000000000000D+00
   46       0.8673712     -1.9824789      1.5152541    h     empty    0.00000000000000D+00
   47      -1.7969290      1.3712326      0.7769221    h     empty    0.00000000000000D+00
   48      -0.7994778      1.6670701     -1.5037612    h     empty    0.00000000000000D+00
   49      -1.3569255     -0.5863674      2.8485744    s     empty    0.00000000000000D+00
   50       1.4416330      0.2427990     -2.8313847    s     empty    0.00000000000000D+00
$end
